,tra_1,tra_2,tra_3,tra_4,tra_5,tra_6,tra_7,tra_8,agg_9,agg_10,agg_11,agg_12,agg_13,agg_14,agg_15,agg_16,agg_17,agg_18,agg_19,agg_20,agg_21,agg_22,agg_23,agg_24,agg_25,agg_26,agg_27,agg_28,agg_29,agg_30,agg_31,agg_32,agg_33,agg_34,agg_35,fear_36,fear_37,fear_38,fear_39,fear_40,fear_41,fear_42,fear_43,fear_44,fear_45,fear_46,fear_47,fear_48,fear_49,fear_50,fear_51,fear_52,fear_53,sep_54,sep_55,sep_56,sep_57,sep_58,sep_59,sep_60,sep_61,exc_62,exc_63,exc_64,exc_65,exc_66,exc_67,att_68,att_69,att_70,att_71,att_72,att_73,mis_74,mis_75,mis_76,mis_77,mis_78,mis_79,mis_80,mis_81,mis_82,mis_83,mis_84,mis_85,mis_86,mis_87,mis_88,mis_89,mis_90,mis_91,mis_92,mis_93,mis_94,mis_95,mis_96,mis_97,mis_98,mis_99,mis_100,101
0,4.0,4.0,5.0,3.0,4.0,,4.0,2.0,0.0,0.0,0.0,3.0,0.0,0.0,3.0,0.0,0.0,3.0,0.0,3.0,,3.0,1.0,0.0,0.0,,,,2.0,0.0,0.0,0.0,0.0,0.0,0.0,0.0,0.0,0.0,0.0,0.0,0.0,,0.0,0.0,0.0,0.0,0.0,0.0,0.0,0.0,0.0,0.0,0.0,,0.0,0.0,0.0,0.0,0.0,0.0,0.0,0.0,1.0,2.0,3.0,3.0,3.0,2.0,3.0,2.0,3.0,3.0,0.0,0.0,,,,2.0,0.0,2.0,2.0,0.0,2.0,0.0,0.0,0.0,0.0,0.0,1.0,1.0,0.0,2.0,2.0,0.0,0.0,0.0,0.0,2.0,0.0,0.0,0.0
1,,3.0,3.0,3.0,3.0,3.0,4.0,3.0,0.0,1.0,0.0,0.0,0.0,0.0,4.0,3.0,0.0,4.0,0.0,4.0,2.0,4.0,3.0,3.0,1.0,3.0,3.0,4.0,3.0,0.0,0.0,,,,,0.0,0.0,2.0,0.0,0.0,0.0,0.0,0.0,0.0,0.0,0.0,0.0,0.0,0.0,0.0,0.0,0.0,0.0,0.0,0.0,0.0,4.0,3.0,4.0,0.0,0.0,0.0,3.0,4.0,4.0,3.0,3.0,4.0,4.0,3.0,3.0,3.0,0.0,2.0,1.0,0.0,1.0,1.0,0.0,0.0,0.0,0.0,1.0,0.0,0.0,1.0,0.0,0.0,0.0,0.0,2.0,2.0,2.0,3.0,1.0,0.0,0.0,4.0,3.0,3.0,2.0
2,5.0,4.0,4.0,4.0,5.0,,5.0,3.0,0.0,0.0,0.0,0.0,0.0,0.0,3.0,0.0,0.0,3.0,0.0,3.0,0.0,3.0,0.0,0.0,0.0,0.0,0.0,0.0,0.0,0.0,0.0,0.0,0.0,0.0,0.0,0.0,0.0,0.0,0.0,0.0,0.0,0.0,0.0,0.0,0.0,0.0,0.0,0.0,0.0,0.0,0.0,0.0,0.0,0.0,0.0,0.0,0.0,0.0,0.0,0.0,0.0,0.0,4.0,4.0,4.0,4.0,4.0,4.0,2.0,3.0,2.0,2.0,1.0,2.0,0.0,0.0,1.0,2.0,3.0,2.0,1.0,1.0,0.0,1.0,0.0,1.0,0.0,0.0,0.0,0.0,1.0,1.0,1.0,0.0,0.0,0.0,0.0,2.0,0.0,0.0,0.0
3,4.0,2.0,2.0,2.0,,2.0,5.0,2.0,0.0,0.0,0.0,0.0,0.0,0.0,0.0,0.0,0.0,0.0,0.0,0.0,0.0,0.0,0.0,0.0,0.0,1.0,0.0,0.0,2.0,0.0,0.0,2.0,0.0,0.0,2.0,0.0,0.0,0.0,0.0,0.0,0.0,0.0,0.0,0.0,0.0,0.0,0.0,0.0,0.0,0.0,0.0,0.0,0.0,0.0,0.0,0.0,0.0,0.0,0.0,0.0,0.0,0.0,4.0,4.0,,4.0,4.0,3.0,4.0,4.0,4.0,4.0,2.0,2.0,,0.0,3.0,1.0,0.0,4.0,0.0,0.0,0.0,0.0,0.0,0.0,0.0,0.0,0.0,0.0,0.0,2.0,0.0,0.0,0.0,0.0,0.0,0.0,1.0,1.0,0.0
4,2.0,2.0,2.0,2.0,2.0,2.0,2.0,2.0,0.0,0.0,0.0,0.0,0.0,0.0,0.0,0.0,0.0,0.0,0.0,0.0,0.0,0.0,0.0,0.0,0.0,1.0,1.0,0.0,0.0,0.0,0.0,0.0,0.0,0.0,0.0,0.0,0.0,0.0,0.0,0.0,0.0,0.0,1.0,1.0,2.0,3.0,0.0,1.0,0.0,0.0,0.0,0.0,1.0,2.0,0.0,0.0,0.0,0.0,0.0,0.0,0.0,0.0,0.0,2.0,1.0,2.0,2.0,1.0,3.0,3.0,3.0,2.0,0.0,3.0,3.0,0.0,3.0,0.0,3.0,3.0,0.0,0.0,0.0,0.0,0.0,2.0,0.0,0.0,0.0,0.0,0.0,2.0,2.0,0.0,0.0,0.0,0.0,0.0,0.0,0.0,0.0
5,3.0,3.0,3.0,2.0,,5.0,4.0,3.0,0.0,0.0,0.0,1.0,0.0,0.0,0.0,0.0,0.0,0.0,0.0,0.0,0.0,0.0,0.0,0.0,0.0,0.0,0.0,0.0,2.0,0.0,0.0,0.0,0.0,0.0,0.0,0.0,0.0,0.0,0.0,0.0,0.0,1.0,0.0,0.0,1.0,0.0,0.0,1.0,0.0,0.0,0.0,0.0,0.0,0.0,0.0,0.0,0.0,0.0,0.0,0.0,0.0,0.0,1.0,1.0,2.0,0.0,0.0,2.0,4.0,4.0,4.0,1.0,0.0,2.0,,3.0,3.0,0.0,2.0,3.0,1.0,0.0,0.0,0.0,0.0,1.0,0.0,0.0,0.0,0.0,0.0,1.0,0.0,0.0,0.0,0.0,0.0,0.0,0.0,0.0,0.0
6,3.0,2.0,2.0,2.0,2.0,2.0,3.0,2.0,0.0,0.0,0.0,0.0,0.0,0.0,1.0,1.0,0.0,0.0,0.0,0.0,0.0,0.0,2.0,2.0,0.0,1.0,2.0,0.0,4.0,0.0,0.0,,,,,0.0,0.0,0.0,0.0,0.0,0.0,0.0,0.0,0.0,0.0,0.0,1.0,0.0,0.0,0.0,0.0,0.0,,3.0,0.0,0.0,0.0,0.0,0.0,0.0,0.0,0.0,1.0,1.0,1.0,1.0,0.0,1.0,4.0,4.0,4.0,4.0,1.0,2.0,2.0,0.0,1.0,0.0,0.0,2.0,1.0,0.0,4.0,3.0,0.0,3.0,0.0,0.0,0.0,0.0,0.0,0.0,0.0,0.0,0.0,0.0,0.0,0.0,0.0,0.0,0.0
7,3.0,2.0,2.0,3.0,2.0,3.0,,2.0,0.0,0.0,0.0,0.0,0.0,0.0,0.0,0.0,0.0,4.0,0.0,3.0,0.0,3.0,0.0,0.0,0.0,3.0,,0.0,0.0,0.0,0.0,0.0,0.0,0.0,0.0,0.0,0.0,0.0,0.0,0.0,2.0,1.0,0.0,0.0,0.0,0.0,1.0,0.0,,2.0,0.0,0.0,0.0,2.0,0.0,0.0,0.0,0.0,0.0,0.0,0.0,0.0,0.0,0.0,0.0,0.0,0.0,0.0,0.0,3.0,2.0,2.0,0.0,0.0,,0.0,3.0,0.0,0.0,0.0,4.0,0.0,0.0,0.0,0.0,1.0,0.0,0.0,0.0,0.0,0.0,2.0,1.0,0.0,0.0,0.0,0.0,0.0,0.0,2.0,
8,3.0,2.0,2.0,3.0,2.0,2.0,4.0,2.0,0.0,0.0,0.0,0.0,0.0,0.0,0.0,0.0,0.0,0.0,0.0,0.0,0.0,0.0,0.0,0.0,0.0,0.0,0.0,0.0,0.0,0.0,0.0,0.0,0.0,0.0,0.0,0.0,0.0,0.0,0.0,0.0,0.0,0.0,0.0,0.0,1.0,0.0,0.0,0.0,0.0,0.0,0.0,0.0,0.0,1.0,0.0,0.0,0.0,0.0,2.0,0.0,1.0,0.0,1.0,1.0,1.0,1.0,1.0,1.0,4.0,4.0,4.0,3.0,0.0,2.0,2.0,3.0,3.0,0.0,0.0,0.0,4.0,1.0,3.0,0.0,0.0,0.0,0.0,0.0,0.0,0.0,1.0,3.0,3.0,0.0,0.0,0.0,0.0,0.0,0.0,1.0,0.0
9,3.0,2.0,2.0,3.0,4.0,4.0,4.0,2.0,0.0,2.0,0.0,2.0,0.0,0.0,2.0,2.0,0.0,2.0,0.0,2.0,1.0,0.0,2.0,2.0,0.0,1.0,1.0,2.0,2.0,0.0,0.0,0.0,0.0,0.0,0.0,0.0,0.0,1.0,1.0,1.0,0.0,2.0,0.0,2.0,2.0,2.0,0.0,0.0,1.0,1.0,0.0,0.0,1.0,2.0,0.0,0.0,0.0,0.0,0.0,0.0,0.0,0.0,2.0,2.0,3.0,3.0,2.0,0.0,4.0,3.0,3.0,1.0,0.0,1.0,2.0,0.0,2.0,0.0,0.0,0.0,0.0,0.0,3.0,2.0,0.0,3.0,0.0,0.0,0.0,0.0,0.0,0.0,0.0,0.0,0.0,0.0,0.0,2.0,0.0,0.0,0.0
10,3.0,3.0,4.0,2.0,2.0,4.0,5.0,2.0,0.0,0.0,0.0,0.0,0.0,0.0,0.0,0.0,0.0,0.0,0.0,0.0,0.0,0.0,2.0,2.0,0.0,1.0,0.0,0.0,0.0,0.0,0.0,0.0,0.0,0.0,0.0,0.0,1.0,2.0,0.0,0.0,0.0,0.0,0.0,4.0,0.0,0.0,0.0,0.0,0.0,1.0,0.0,,0.0,0.0,0.0,0.0,0.0,0.0,4.0,3.0,2.0,0.0,0.0,0.0,0.0,0.0,0.0,0.0,4.0,4.0,4.0,4.0,0.0,4.0,4.0,1.0,4.0,2.0,0.0,0.0,0.0,0.0,0.0,0.0,0.0,0.0,0.0,0.0,0.0,2.0,0.0,1.0,0.0,0.0,0.0,0.0,0.0,4.0,0.0,0.0,0.0
11,3.0,3.0,3.0,2.0,2.0,4.0,4.0,4.0,0.0,1.0,0.0,,0.0,0.0,0.0,0.0,0.0,1.0,0.0,2.0,1.0,0.0,3.0,3.0,0.0,1.0,,0.0,3.0,0.0,0.0,1.0,0.0,2.0,2.0,0.0,0.0,0.0,0.0,0.0,0.0,0.0,1.0,0.0,0.0,0.0,2.0,0.0,1.0,2.0,0.0,0.0,0.0,0.0,0.0,1.0,4.0,4.0,4.0,0.0,0.0,0.0,4.0,2.0,4.0,4.0,4.0,4.0,4.0,4.0,4.0,1.0,1.0,2.0,4.0,3.0,3.0,1.0,1.0,4.0,1.0,0.0,4.0,3.0,0.0,1.0,4.0,0.0,0.0,0.0,0.0,1.0,1.0,0.0,0.0,0.0,0.0,2.0,0.0,0.0,0.0
12,3.0,2.0,2.0,2.0,3.0,3.0,4.0,3.0,0.0,0.0,0.0,0.0,0.0,0.0,0.0,0.0,0.0,0.0,0.0,0.0,0.0,0.0,0.0,0.0,0.0,0.0,0.0,0.0,0.0,0.0,0.0,0.0,0.0,0.0,0.0,0.0,0.0,1.0,0.0,0.0,0.0,0.0,0.0,2.0,0.0,0.0,0.0,0.0,0.0,0.0,0.0,0.0,0.0,0.0,0.0,0.0,0.0,0.0,0.0,0.0,0.0,0.0,4.0,3.0,2.0,3.0,3.0,4.0,3.0,,4.0,3.0,1.0,3.0,1.0,0.0,0.0,0.0,0.0,2.0,0.0,0.0,2.0,0.0,0.0,2.0,0.0,0.0,0.0,0.0,0.0,3.0,3.0,0.0,1.0,0.0,0.0,1.0,0.0,0.0,0.0
13,3.0,3.0,3.0,2.0,2.0,3.0,4.0,3.0,0.0,0.0,0.0,0.0,0.0,0.0,0.0,0.0,0.0,2.0,0.0,3.0,0.0,3.0,0.0,0.0,0.0,1.0,3.0,0.0,1.0,0.0,0.0,2.0,1.0,3.0,1.0,0.0,0.0,3.0,0.0,1.0,2.0,2.0,2.0,4.0,1.0,0.0,2.0,1.0,2.0,1.0,0.0,0.0,0.0,2.0,2.0,0.0,2.0,3.0,3.0,0.0,1.0,0.0,3.0,2.0,3.0,3.0,2.0,3.0,2.0,4.0,3.0,1.0,2.0,0.0,3.0,2.0,2.0,0.0,1.0,1.0,1.0,0.0,4.0,0.0,2.0,2.0,0.0,0.0,2.0,2.0,1.0,3.0,2.0,2.0,1.0,0.0,0.0,2.0,1.0,0.0,0.0
14,3.0,3.0,3.0,3.0,3.0,4.0,4.0,4.0,0.0,1.0,0.0,,0.0,0.0,1.0,0.0,0.0,0.0,0.0,0.0,0.0,,1.0,1.0,0.0,1.0,1.0,1.0,2.0,0.0,0.0,1.0,0.0,,2.0,0.0,0.0,2.0,0.0,0.0,,,0.0,3.0,0.0,0.0,0.0,0.0,,0.0,0.0,0.0,0.0,,0.0,0.0,0.0,0.0,0.0,0.0,0.0,0.0,0.0,0.0,2.0,3.0,3.0,3.0,1.0,2.0,2.0,0.0,0.0,0.0,0.0,0.0,0.0,0.0,1.0,1.0,0.0,0.0,0.0,,0.0,1.0,0.0,0.0,0.0,0.0,0.0,0.0,0.0,0.0,0.0,0.0,0.0,0.0,2.0,0.0,
15,3.0,3.0,3.0,3.0,4.0,2.0,4.0,2.0,0.0,0.0,0.0,0.0,0.0,0.0,0.0,0.0,0.0,1.0,0.0,0.0,1.0,0.0,1.0,0.0,0.0,,1.0,1.0,0.0,0.0,0.0,2.0,0.0,1.0,1.0,0.0,0.0,2.0,1.0,1.0,,0.0,2.0,1.0,0.0,0.0,1.0,0.0,,0.0,0.0,0.0,0.0,1.0,0.0,1.0,3.0,1.0,3.0,0.0,0.0,0.0,3.0,3.0,1.0,,3.0,2.0,,2.0,2.0,1.0,0.0,1.0,2.0,1.0,2.0,0.0,2.0,2.0,2.0,0.0,1.0,1.0,2.0,0.0,0.0,0.0,0.0,0.0,1.0,3.0,2.0,0.0,0.0,0.0,0.0,1.0,2.0,1.0,1.0
16,4.0,3.0,4.0,3.0,5.0,5.0,,3.0,0.0,3.0,3.0,,0.0,3.0,3.0,2.0,0.0,3.0,,4.0,2.0,3.0,,,0.0,4.0,2.0,3.0,3.0,0.0,1.0,,,,,1.0,1.0,2.0,1.0,1.0,,0.0,3.0,4.0,3.0,3.0,3.0,3.0,3.0,4.0,0.0,4.0,2.0,4.0,0.0,2.0,3.0,0.0,2.0,0.0,1.0,0.0,3.0,2.0,,2.0,1.0,3.0,1.0,,4.0,3.0,1.0,,2.0,1.0,2.0,3.0,2.0,2.0,1.0,1.0,3.0,2.0,0.0,2.0,,0.0,2.0,2.0,2.0,3.0,3.0,3.0,1.0,0.0,0.0,4.0,0.0,2.0,2.0
17,5.0,3.0,4.0,4.0,4.0,4.0,4.0,4.0,0.0,0.0,0.0,0.0,0.0,0.0,0.0,0.0,0.0,0.0,0.0,0.0,0.0,0.0,0.0,0.0,0.0,0.0,0.0,0.0,0.0,0.0,0.0,0.0,0.0,0.0,0.0,1.0,1.0,1.0,1.0,1.0,0.0,0.0,0.0,0.0,1.0,1.0,1.0,0.0,0.0,0.0,0.0,0.0,0.0,0.0,1.0,1.0,1.0,1.0,1.0,1.0,1.0,1.0,2.0,2.0,2.0,2.0,2.0,2.0,3.0,3.0,2.0,2.0,2.0,2.0,3.0,3.0,3.0,3.0,2.0,,2.0,0.0,2.0,3.0,,3.0,0.0,0.0,0.0,0.0,2.0,2.0,2.0,0.0,0.0,0.0,0.0,1.0,1.0,4.0,4.0
18,4.0,3.0,3.0,3.0,3.0,,5.0,2.0,0.0,1.0,1.0,0.0,0.0,0.0,1.0,1.0,0.0,4.0,0.0,4.0,0.0,4.0,2.0,2.0,0.0,2.0,4.0,1.0,2.0,0.0,0.0,2.0,2.0,0.0,0.0,1.0,1.0,2.0,1.0,0.0,0.0,2.0,0.0,4.0,0.0,3.0,1.0,1.0,,0.0,0.0,0.0,1.0,2.0,0.0,0.0,0.0,0.0,0.0,0.0,0.0,0.0,4.0,4.0,4.0,4.0,4.0,4.0,2.0,4.0,4.0,2.0,4.0,4.0,4.0,4.0,4.0,4.0,0.0,0.0,4.0,0.0,4.0,4.0,0.0,2.0,0.0,0.0,0.0,0.0,0.0,2.0,2.0,1.0,0.0,0.0,0.0,3.0,1.0,0.0,0.0
19,3.0,2.0,2.0,3.0,3.0,3.0,4.0,2.0,0.0,0.0,0.0,0.0,0.0,1.0,2.0,1.0,0.0,1.0,0.0,2.0,0.0,2.0,1.0,1.0,0.0,0.0,4.0,1.0,1.0,0.0,0.0,0.0,0.0,,0.0,0.0,0.0,2.0,0.0,0.0,0.0,2.0,0.0,4.0,1.0,1.0,2.0,2.0,,0.0,0.0,0.0,0.0,1.0,0.0,0.0,0.0,0.0,1.0,0.0,0.0,0.0,2.0,2.0,1.0,4.0,3.0,2.0,4.0,4.0,4.0,3.0,1.0,1.0,4.0,3.0,3.0,0.0,0.0,0.0,1.0,1.0,2.0,2.0,0.0,1.0,0.0,0.0,0.0,0.0,0.0,4.0,4.0,2.0,2.0,2.0,2.0,1.0,2.0,2.0,0.0
20,3.0,3.0,4.0,3.0,2.0,2.0,5.0,2.0,0.0,0.0,0.0,0.0,0.0,0.0,0.0,0.0,0.0,0.0,0.0,0.0,0.0,0.0,0.0,0.0,0.0,0.0,0.0,0.0,1.0,0.0,0.0,0.0,0.0,0.0,0.0,0.0,0.0,3.0,0.0,0.0,1.0,1.0,0.0,4.0,0.0,0.0,1.0,1.0,0.0,0.0,0.0,0.0,0.0,1.0,0.0,0.0,0.0,0.0,0.0,0.0,0.0,0.0,0.0,0.0,0.0,0.0,0.0,0.0,2.0,0.0,1.0,0.0,0.0,0.0,0.0,0.0,2.0,0.0,2.0,4.0,0.0,0.0,0.0,0.0,,0.0,0.0,0.0,0.0,0.0,0.0,0.0,0.0,0.0,0.0,0.0,0.0,0.0,0.0,0.0,0.0
21,2.0,3.0,5.0,2.0,2.0,2.0,4.0,2.0,0.0,0.0,0.0,0.0,0.0,0.0,0.0,0.0,0.0,0.0,0.0,0.0,0.0,0.0,0.0,0.0,0.0,0.0,0.0,0.0,0.0,0.0,0.0,0.0,0.0,0.0,0.0,0.0,0.0,2.0,0.0,0.0,2.0,2.0,0.0,3.0,0.0,0.0,0.0,1.0,0.0,0.0,0.0,0.0,0.0,1.0,0.0,0.0,0.0,0.0,0.0,0.0,0.0,0.0,0.0,0.0,0.0,0.0,0.0,0.0,2.0,0.0,2.0,2.0,0.0,0.0,0.0,0.0,2.0,0.0,2.0,3.0,0.0,0.0,0.0,0.0,0.0,0.0,0.0,0.0,0.0,0.0,0.0,0.0,0.0,0.0,0.0,0.0,0.0,0.0,0.0,0.0,0.0
22,4.0,4.0,4.0,3.0,5.0,4.0,5.0,4.0,0.0,1.0,3.0,4.0,0.0,0.0,1.0,2.0,0.0,2.0,0.0,2.0,2.0,3.0,1.0,1.0,0.0,2.0,4.0,2.0,2.0,0.0,0.0,0.0,0.0,0.0,0.0,2.0,3.0,3.0,2.0,1.0,0.0,3.0,3.0,2.0,3.0,3.0,3.0,2.0,,3.0,0.0,0.0,2.0,3.0,1.0,0.0,2.0,1.0,1.0,1.0,0.0,0.0,2.0,3.0,3.0,3.0,3.0,3.0,2.0,3.0,3.0,3.0,2.0,1.0,4.0,4.0,4.0,1.0,4.0,1.0,1.0,0.0,3.0,0.0,3.0,2.0,0.0,0.0,0.0,0.0,2.0,2.0,1.0,1.0,0.0,0.0,1.0,3.0,1.0,1.0,0.0
23,2.0,2.0,2.0,2.0,2.0,2.0,,2.0,0.0,0.0,0.0,0.0,0.0,0.0,2.0,1.0,0.0,1.0,0.0,4.0,1.0,1.0,1.0,1.0,0.0,0.0,3.0,4.0,4.0,0.0,0.0,0.0,0.0,0.0,0.0,1.0,1.0,4.0,1.0,1.0,0.0,3.0,4.0,4.0,3.0,1.0,2.0,4.0,4.0,4.0,0.0,3.0,1.0,4.0,2.0,0.0,4.0,0.0,4.0,0.0,0.0,0.0,4.0,3.0,4.0,3.0,1.0,4.0,4.0,4.0,4.0,2.0,2.0,4.0,,,,0.0,1.0,1.0,0.0,0.0,2.0,0.0,0.0,0.0,0.0,0.0,0.0,0.0,1.0,2.0,1.0,0.0,0.0,0.0,0.0,2.0,1.0,0.0,0.0
24,3.0,2.0,3.0,4.0,2.0,3.0,3.0,3.0,0.0,0.0,0.0,0.0,0.0,0.0,0.0,0.0,0.0,0.0,1.0,1.0,0.0,0.0,0.0,0.0,0.0,0.0,0.0,0.0,1.0,0.0,0.0,0.0,0.0,0.0,0.0,0.0,0.0,0.0,2.0,2.0,0.0,0.0,0.0,0.0,0.0,0.0,0.0,0.0,0.0,0.0,0.0,0.0,0.0,0.0,0.0,0.0,0.0,0.0,0.0,0.0,0.0,0.0,4.0,4.0,4.0,4.0,4.0,4.0,4.0,3.0,3.0,2.0,1.0,2.0,3.0,1.0,3.0,2.0,0.0,1.0,1.0,0.0,0.0,0.0,0.0,0.0,0.0,0.0,0.0,0.0,1.0,2.0,2.0,1.0,0.0,1.0,0.0,0.0,0.0,0.0,0.0
25,3.0,3.0,3.0,2.0,3.0,2.0,4.0,2.0,0.0,0.0,0.0,0.0,0.0,0.0,0.0,0.0,0.0,0.0,0.0,0.0,0.0,0.0,0.0,0.0,0.0,0.0,4.0,0.0,1.0,0.0,0.0,1.0,0.0,0.0,2.0,0.0,0.0,1.0,0.0,0.0,0.0,2.0,0.0,0.0,2.0,2.0,0.0,1.0,0.0,0.0,0.0,0.0,0.0,2.0,4.0,0.0,4.0,4.0,4.0,2.0,0.0,0.0,3.0,3.0,1.0,4.0,3.0,2.0,4.0,3.0,3.0,1.0,2.0,0.0,4.0,0.0,0.0,2.0,2.0,2.0,0.0,0.0,1.0,0.0,0.0,2.0,0.0,0.0,0.0,0.0,0.0,2.0,3.0,0.0,0.0,2.0,0.0,0.0,2.0,1.0,0.0
26,3.0,3.0,3.0,3.0,4.0,3.0,5.0,5.0,0.0,0.0,0.0,0.0,0.0,0.0,0.0,0.0,0.0,0.0,0.0,0.0,0.0,0.0,1.0,1.0,0.0,0.0,0.0,0.0,3.0,0.0,0.0,2.0,0.0,1.0,1.0,0.0,0.0,1.0,0.0,0.0,0.0,1.0,0.0,2.0,0.0,0.0,0.0,0.0,0.0,0.0,0.0,0.0,0.0,0.0,0.0,0.0,3.0,4.0,4.0,0.0,0.0,0.0,3.0,1.0,3.0,2.0,2.0,2.0,3.0,3.0,2.0,4.0,0.0,3.0,1.0,2.0,2.0,2.0,3.0,2.0,2.0,0.0,4.0,2.0,0.0,2.0,0.0,0.0,0.0,0.0,0.0,2.0,1.0,0.0,0.0,0.0,0.0,2.0,1.0,3.0,0.0
27,3.0,3.0,5.0,4.0,5.0,3.0,5.0,5.0,0.0,0.0,0.0,2.0,0.0,0.0,0.0,0.0,0.0,2.0,0.0,3.0,0.0,3.0,1.0,1.0,0.0,2.0,3.0,0.0,4.0,0.0,0.0,0.0,0.0,0.0,0.0,0.0,0.0,1.0,0.0,0.0,0.0,0.0,0.0,0.0,0.0,0.0,1.0,0.0,1.0,0.0,0.0,0.0,0.0,0.0,2.0,0.0,3.0,3.0,3.0,2.0,3.0,0.0,4.0,4.0,4.0,4.0,4.0,4.0,4.0,4.0,4.0,4.0,3.0,4.0,1.0,1.0,0.0,2.0,0.0,3.0,3.0,0.0,2.0,3.0,0.0,3.0,0.0,0.0,3.0,3.0,2.0,3.0,3.0,1.0,1.0,0.0,0.0,4.0,2.0,0.0,0.0
28,4.0,2.0,4.0,3.0,3.0,4.0,4.0,4.0,0.0,1.0,0.0,0.0,0.0,0.0,1.0,0.0,0.0,0.0,0.0,1.0,0.0,0.0,1.0,1.0,0.0,0.0,2.0,0.0,2.0,0.0,0.0,,,,,0.0,0.0,0.0,0.0,0.0,0.0,0.0,0.0,0.0,0.0,0.0,0.0,0.0,0.0,0.0,0.0,0.0,0.0,0.0,0.0,0.0,0.0,0.0,0.0,0.0,0.0,0.0,0.0,0.0,0.0,0.0,0.0,0.0,2.0,2.0,1.0,2.0,0.0,0.0,2.0,0.0,0.0,2.0,0.0,0.0,0.0,0.0,0.0,0.0,0.0,1.0,0.0,0.0,0.0,0.0,0.0,2.0,1.0,0.0,0.0,0.0,0.0,0.0,0.0,0.0,0.0
29,3.0,2.0,3.0,4.0,3.0,3.0,5.0,2.0,1.0,0.0,0.0,0.0,0.0,0.0,0.0,0.0,0.0,1.0,0.0,0.0,0.0,1.0,2.0,1.0,0.0,0.0,1.0,0.0,2.0,0.0,0.0,0.0,0.0,0.0,0.0,0.0,0.0,0.0,0.0,0.0,0.0,0.0,0.0,0.0,0.0,1.0,0.0,0.0,0.0,0.0,0.0,0.0,0.0,0.0,0.0,0.0,0.0,0.0,0.0,0.0,0.0,0.0,2.0,1.0,3.0,0.0,0.0,2.0,3.0,3.0,3.0,2.0,0.0,1.0,4.0,1.0,1.0,2.0,3.0,1.0,2.0,0.0,3.0,3.0,3.0,1.0,0.0,0.0,0.0,0.0,0.0,1.0,1.0,0.0,0.0,0.0,0.0,0.0,2.0,2.0,3.0
30,3.0,3.0,4.0,2.0,4.0,4.0,5.0,2.0,0.0,0.0,0.0,0.0,0.0,0.0,0.0,0.0,0.0,0.0,0.0,0.0,0.0,0.0,0.0,0.0,0.0,0.0,1.0,0.0,1.0,0.0,0.0,0.0,0.0,0.0,0.0,1.0,0.0,0.0,0.0,0.0,0.0,0.0,1.0,0.0,1.0,0.0,0.0,0.0,,0.0,0.0,0.0,0.0,1.0,0.0,0.0,0.0,0.0,0.0,0.0,0.0,0.0,1.0,1.0,1.0,2.0,1.0,1.0,2.0,3.0,4.0,3.0,1.0,3.0,4.0,1.0,3.0,2.0,2.0,1.0,0.0,0.0,1.0,1.0,1.0,3.0,1.0,0.0,4.0,4.0,2.0,4.0,4.0,0.0,1.0,0.0,1.0,4.0,0.0,0.0,0.0
31,3.0,2.0,2.0,,5.0,2.0,,2.0,0.0,0.0,0.0,0.0,0.0,0.0,0.0,0.0,0.0,0.0,0.0,0.0,0.0,0.0,0.0,0.0,0.0,0.0,1.0,0.0,0.0,0.0,1.0,0.0,,,1.0,0.0,,1.0,0.0,0.0,1.0,3.0,0.0,0.0,0.0,0.0,1.0,0.0,0.0,0.0,0.0,1.0,0.0,0.0,0.0,0.0,0.0,0.0,0.0,0.0,0.0,0.0,3.0,3.0,3.0,3.0,3.0,3.0,1.0,3.0,2.0,1.0,0.0,1.0,2.0,2.0,2.0,1.0,2.0,4.0,2.0,0.0,2.0,2.0,1.0,4.0,0.0,0.0,0.0,0.0,0.0,4.0,1.0,0.0,0.0,0.0,1.0,0.0,0.0,1.0,3.0
32,4.0,3.0,3.0,4.0,3.0,3.0,5.0,2.0,0.0,0.0,0.0,0.0,0.0,0.0,0.0,0.0,0.0,0.0,0.0,0.0,0.0,0.0,0.0,0.0,0.0,0.0,0.0,0.0,2.0,0.0,0.0,0.0,0.0,0.0,0.0,2.0,0.0,0.0,0.0,0.0,0.0,0.0,0.0,0.0,0.0,0.0,0.0,0.0,2.0,0.0,0.0,0.0,0.0,2.0,0.0,0.0,3.0,4.0,4.0,0.0,0.0,0.0,4.0,3.0,4.0,3.0,0.0,1.0,4.0,4.0,4.0,4.0,0.0,1.0,3.0,0.0,1.0,0.0,1.0,2.0,1.0,0.0,2.0,3.0,0.0,1.0,0.0,0.0,0.0,0.0,0.0,0.0,2.0,0.0,0.0,0.0,0.0,0.0,0.0,3.0,0.0
33,3.0,2.0,2.0,2.0,2.0,3.0,4.0,2.0,0.0,0.0,0.0,0.0,2.0,0.0,0.0,0.0,,0.0,0.0,0.0,0.0,0.0,0.0,0.0,0.0,0.0,3.0,0.0,1.0,0.0,1.0,0.0,0.0,1.0,2.0,0.0,0.0,1.0,0.0,0.0,0.0,0.0,2.0,4.0,0.0,1.0,3.0,0.0,0.0,0.0,0.0,0.0,0.0,2.0,3.0,,4.0,1.0,3.0,0.0,2.0,2.0,4.0,4.0,4.0,4.0,4.0,4.0,4.0,3.0,3.0,1.0,0.0,1.0,4.0,4.0,4.0,0.0,3.0,1.0,0.0,0.0,0.0,0.0,2.0,4.0,0.0,0.0,0.0,0.0,1.0,2.0,2.0,0.0,0.0,0.0,2.0,3.0,0.0,0.0,0.0
34,3.0,3.0,4.0,3.0,2.0,2.0,4.0,2.0,0.0,0.0,0.0,0.0,0.0,0.0,3.0,0.0,0.0,3.0,0.0,3.0,0.0,0.0,0.0,0.0,0.0,0.0,0.0,3.0,0.0,0.0,0.0,0.0,0.0,0.0,0.0,0.0,0.0,2.0,0.0,0.0,0.0,0.0,0.0,2.0,2.0,2.0,0.0,0.0,0.0,0.0,0.0,0.0,0.0,0.0,2.0,1.0,3.0,3.0,3.0,0.0,3.0,0.0,2.0,3.0,0.0,0.0,0.0,0.0,3.0,2.0,0.0,2.0,2.0,2.0,0.0,0.0,2.0,3.0,0.0,2.0,0.0,0.0,0.0,0.0,0.0,1.0,0.0,0.0,0.0,0.0,0.0,3.0,2.0,0.0,0.0,0.0,0.0,0.0,3.0,3.0,0.0
35,3.0,2.0,4.0,3.0,3.0,3.0,5.0,2.0,0.0,2.0,1.0,1.0,0.0,0.0,1.0,1.0,0.0,1.0,0.0,3.0,1.0,1.0,2.0,2.0,0.0,1.0,2.0,1.0,2.0,0.0,0.0,0.0,0.0,0.0,0.0,3.0,1.0,4.0,3.0,2.0,2.0,2.0,2.0,4.0,3.0,3.0,2.0,3.0,,1.0,2.0,0.0,1.0,3.0,1.0,1.0,3.0,3.0,3.0,3.0,3.0,1.0,3.0,4.0,,2.0,2.0,4.0,3.0,2.0,2.0,2.0,0.0,1.0,4.0,2.0,3.0,1.0,3.0,1.0,2.0,0.0,0.0,0.0,,3.0,0.0,1.0,0.0,0.0,2.0,2.0,4.0,1.0,0.0,0.0,0.0,1.0,1.0,1.0,
36,3.0,3.0,4.0,2.0,3.0,4.0,5.0,3.0,0.0,0.0,0.0,2.0,1.0,0.0,1.0,1.0,0.0,1.0,0.0,1.0,0.0,1.0,2.0,1.0,0.0,1.0,2.0,2.0,1.0,0.0,0.0,,,,,3.0,2.0,4.0,4.0,4.0,4.0,3.0,3.0,4.0,3.0,3.0,3.0,3.0,3.0,3.0,2.0,2.0,2.0,4.0,3.0,3.0,3.0,2.0,2.0,2.0,2.0,0.0,3.0,3.0,4.0,4.0,4.0,4.0,4.0,3.0,4.0,4.0,2.0,1.0,2.0,3.0,3.0,1.0,0.0,0.0,1.0,0.0,3.0,1.0,0.0,3.0,0.0,0.0,0.0,0.0,2.0,3.0,3.0,1.0,2.0,0.0,0.0,1.0,3.0,3.0,2.0
37,2.0,2.0,2.0,2.0,,2.0,2.0,2.0,0.0,0.0,0.0,0.0,0.0,0.0,0.0,0.0,0.0,0.0,0.0,0.0,0.0,0.0,0.0,0.0,0.0,0.0,0.0,0.0,0.0,0.0,0.0,0.0,0.0,0.0,0.0,0.0,0.0,0.0,0.0,0.0,0.0,0.0,0.0,0.0,0.0,0.0,0.0,0.0,0.0,0.0,0.0,0.0,0.0,0.0,0.0,0.0,4.0,0.0,4.0,0.0,0.0,0.0,4.0,4.0,3.0,2.0,2.0,4.0,4.0,3.0,3.0,2.0,0.0,0.0,0.0,0.0,1.0,0.0,0.0,0.0,0.0,0.0,1.0,0.0,0.0,0.0,0.0,0.0,0.0,0.0,0.0,2.0,1.0,0.0,0.0,0.0,0.0,0.0,2.0,0.0,0.0
38,3.0,2.0,3.0,3.0,3.0,3.0,4.0,4.0,0.0,0.0,0.0,0.0,0.0,0.0,0.0,0.0,0.0,0.0,0.0,0.0,0.0,0.0,0.0,0.0,0.0,0.0,0.0,0.0,0.0,0.0,0.0,0.0,0.0,0.0,0.0,2.0,2.0,1.0,0.0,0.0,0.0,2.0,2.0,0.0,3.0,3.0,2.0,0.0,0.0,0.0,0.0,0.0,1.0,3.0,,,3.0,3.0,3.0,3.0,,,2.0,2.0,2.0,2.0,0.0,2.0,2.0,3.0,3.0,0.0,0.0,1.0,1.0,1.0,1.0,0.0,1.0,3.0,0.0,0.0,0.0,0.0,0.0,0.0,0.0,0.0,0.0,0.0,0.0,2.0,1.0,0.0,0.0,0.0,0.0,1.0,3.0,3.0,0.0
39,3.0,3.0,2.0,3.0,2.0,2.0,2.0,2.0,0.0,0.0,0.0,0.0,0.0,0.0,0.0,0.0,0.0,0.0,0.0,0.0,0.0,0.0,0.0,0.0,0.0,0.0,,0.0,0.0,0.0,0.0,0.0,0.0,0.0,0.0,0.0,0.0,0.0,0.0,0.0,0.0,0.0,0.0,0.0,0.0,0.0,0.0,0.0,0.0,0.0,0.0,0.0,0.0,0.0,0.0,0.0,0.0,0.0,0.0,0.0,0.0,0.0,0.0,0.0,0.0,0.0,0.0,0.0,,,,,0.0,0.0,0.0,0.0,1.0,0.0,0.0,1.0,1.0,2.0,0.0,0.0,0.0,0.0,0.0,0.0,0.0,0.0,0.0,1.0,4.0,2.0,1.0,0.0,0.0,0.0,0.0,0.0,0.0
40,3.0,3.0,2.0,2.0,2.0,2.0,4.0,2.0,0.0,0.0,0.0,0.0,0.0,0.0,0.0,0.0,0.0,0.0,0.0,0.0,0.0,0.0,0.0,0.0,0.0,0.0,0.0,0.0,0.0,0.0,0.0,0.0,0.0,0.0,0.0,0.0,,1.0,0.0,0.0,0.0,1.0,0.0,0.0,1.0,0.0,1.0,1.0,1.0,1.0,0.0,0.0,0.0,0.0,0.0,0.0,0.0,0.0,0.0,0.0,0.0,0.0,0.0,0.0,0.0,0.0,0.0,0.0,4.0,4.0,3.0,3.0,0.0,0.0,1.0,1.0,0.0,0.0,2.0,2.0,2.0,0.0,0.0,0.0,0.0,0.0,0.0,0.0,0.0,0.0,0.0,2.0,3.0,0.0,0.0,0.0,0.0,0.0,0.0,0.0,0.0
41,2.0,3.0,3.0,2.0,2.0,2.0,3.0,0.0,0.0,0.0,0.0,0.0,0.0,0.0,0.0,0.0,0.0,0.0,0.0,0.0,0.0,0.0,0.0,0.0,0.0,0.0,0.0,0.0,0.0,0.0,0.0,2.0,0.0,0.0,0.0,4.0,4.0,4.0,4.0,4.0,1.0,1.0,4.0,4.0,0.0,0.0,4.0,1.0,1.0,4.0,2.0,2.0,1.0,4.0,4.0,4.0,4.0,4.0,4.0,0.0,4.0,1.0,3.0,3.0,0.0,4.0,4.0,0.0,4.0,2.0,4.0,4.0,1.0,3.0,1.0,0.0,0.0,0.0,0.0,1.0,0.0,0.0,0.0,0.0,0.0,1.0,0.0,0.0,0.0,0.0,3.0,2.0,3.0,0.0,0.0,0.0,0.0,2.0,1.0,3.0,4.0
42,3.0,2.0,2.0,3.0,2.0,4.0,3.0,4.0,0.0,0.0,0.0,0.0,0.0,0.0,0.0,0.0,0.0,0.0,0.0,0.0,0.0,0.0,0.0,0.0,0.0,0.0,0.0,0.0,2.0,0.0,0.0,,,,,0.0,0.0,0.0,0.0,0.0,0.0,0.0,0.0,0.0,0.0,0.0,0.0,0.0,0.0,0.0,0.0,0.0,0.0,0.0,0.0,0.0,0.0,0.0,0.0,0.0,0.0,0.0,0.0,0.0,0.0,0.0,0.0,0.0,2.0,1.0,1.0,1.0,0.0,1.0,2.0,0.0,0.0,0.0,0.0,2.0,0.0,0.0,3.0,0.0,0.0,0.0,0.0,0.0,0.0,0.0,0.0,0.0,0.0,0.0,0.0,0.0,0.0,0.0,1.0,0.0,0.0
43,3.0,5.0,0.0,5.0,2.0,3.0,5.0,3.0,0.0,0.0,0.0,,0.0,0.0,0.0,0.0,0.0,,0.0,0.0,0.0,1.0,,0.0,0.0,1.0,1.0,1.0,1.0,0.0,0.0,1.0,0.0,1.0,1.0,0.0,0.0,,1.0,0.0,0.0,,1.0,0.0,1.0,0.0,1.0,1.0,,0.0,0.0,0.0,,,0.0,0.0,0.0,0.0,0.0,0.0,0.0,0.0,3.0,3.0,,,0.0,,,,,,,,3.0,3.0,3.0,3.0,2.0,1.0,1.0,0.0,,,2.0,1.0,0.0,0.0,0.0,0.0,0.0,3.0,3.0,,,,,1.0,0.0,,
44,3.0,,,2.0,2.0,3.0,3.0,3.0,0.0,0.0,0.0,0.0,0.0,0.0,0.0,0.0,0.0,0.0,0.0,0.0,0.0,0.0,0.0,0.0,0.0,0.0,1.0,0.0,,0.0,0.0,0.0,0.0,0.0,0.0,0.0,0.0,1.0,0.0,0.0,,,0.0,0.0,0.0,0.0,0.0,0.0,0.0,0.0,0.0,0.0,0.0,2.0,0.0,0.0,0.0,0.0,1.0,0.0,0.0,0.0,0.0,0.0,0.0,0.0,0.0,0.0,3.0,3.0,3.0,2.0,0.0,0.0,3.0,3.0,3.0,1.0,0.0,1.0,1.0,0.0,1.0,0.0,0.0,0.0,0.0,0.0,0.0,0.0,0.0,2.0,2.0,0.0,0.0,0.0,0.0,1.0,0.0,0.0,
45,3.0,3.0,4.0,2.0,2.0,2.0,4.0,2.0,0.0,,,,0.0,0.0,0.0,0.0,0.0,1.0,0.0,2.0,0.0,2.0,,,0.0,,,0.0,,0.0,0.0,0.0,0.0,0.0,0.0,,,0.0,0.0,0.0,,,0.0,0.0,,,0.0,0.0,0.0,0.0,0.0,0.0,0.0,0.0,,,,,1.0,,,0.0,1.0,2.0,2.0,,,2.0,3.0,2.0,2.0,1.0,0.0,0.0,,1.0,3.0,2.0,,,2.0,0.0,2.0,2.0,0.0,0.0,0.0,0.0,0.0,0.0,1.0,2.0,2.0,0.0,0.0,0.0,,1.0,2.0,2.0,
46,3.0,3.0,3.0,2.0,4.0,3.0,,2.0,0.0,0.0,0.0,0.0,0.0,0.0,0.0,0.0,0.0,1.0,0.0,0.0,0.0,0.0,0.0,0.0,0.0,0.0,3.0,0.0,0.0,0.0,0.0,0.0,0.0,0.0,0.0,0.0,0.0,2.0,0.0,0.0,0.0,0.0,1.0,0.0,0.0,0.0,0.0,0.0,1.0,0.0,0.0,0.0,0.0,1.0,0.0,0.0,0.0,0.0,0.0,0.0,0.0,0.0,3.0,3.0,1.0,3.0,3.0,2.0,2.0,0.0,3.0,4.0,0.0,0.0,4.0,2.0,4.0,0.0,2.0,2.0,0.0,0.0,0.0,1.0,0.0,0.0,0.0,0.0,0.0,0.0,0.0,1.0,1.0,0.0,0.0,0.0,0.0,0.0,0.0,0.0,0.0
47,4.0,3.0,4.0,4.0,4.0,3.0,5.0,4.0,0.0,0.0,0.0,0.0,0.0,0.0,0.0,0.0,0.0,0.0,0.0,0.0,0.0,0.0,0.0,0.0,0.0,0.0,1.0,0.0,0.0,0.0,0.0,1.0,0.0,1.0,1.0,0.0,0.0,0.0,0.0,0.0,,0.0,0.0,0.0,1.0,0.0,1.0,0.0,,0.0,0.0,0.0,0.0,1.0,0.0,0.0,1.0,0.0,0.0,0.0,0.0,0.0,3.0,3.0,1.0,3.0,3.0,2.0,0.0,1.0,1.0,1.0,0.0,1.0,3.0,2.0,3.0,0.0,3.0,2.0,1.0,1.0,1.0,2.0,0.0,2.0,0.0,0.0,0.0,0.0,1.0,3.0,3.0,0.0,0.0,0.0,0.0,0.0,0.0,0.0,
48,5.0,2.0,2.0,3.0,3.0,3.0,,2.0,0.0,0.0,0.0,0.0,0.0,0.0,0.0,0.0,0.0,0.0,0.0,0.0,0.0,0.0,0.0,0.0,0.0,0.0,0.0,0.0,0.0,0.0,0.0,0.0,0.0,0.0,0.0,0.0,0.0,0.0,0.0,0.0,0.0,0.0,0.0,0.0,0.0,0.0,0.0,0.0,0.0,0.0,0.0,0.0,0.0,0.0,0.0,0.0,0.0,0.0,1.0,0.0,0.0,0.0,2.0,3.0,0.0,2.0,0.0,2.0,3.0,3.0,3.0,3.0,0.0,0.0,0.0,1.0,2.0,2.0,0.0,1.0,2.0,1.0,2.0,3.0,0.0,1.0,0.0,0.0,0.0,0.0,0.0,2.0,1.0,0.0,0.0,0.0,0.0,0.0,0.0,0.0,0.0
49,3.0,4.0,4.0,4.0,5.0,4.0,4.0,3.0,0.0,0.0,0.0,0.0,0.0,0.0,0.0,0.0,0.0,0.0,0.0,0.0,0.0,0.0,0.0,0.0,0.0,0.0,0.0,0.0,0.0,0.0,0.0,0.0,0.0,0.0,0.0,0.0,0.0,1.0,1.0,1.0,0.0,1.0,0.0,1.0,2.0,1.0,0.0,0.0,1.0,0.0,0.0,0.0,1.0,1.0,1.0,,4.0,2.0,4.0,1.0,4.0,1.0,2.0,2.0,2.0,2.0,2.0,2.0,3.0,3.0,3.0,2.0,,1.0,3.0,3.0,3.0,2.0,2.0,3.0,2.0,0.0,3.0,4.0,1.0,2.0,0.0,1.0,0.0,0.0,1.0,2.0,2.0,0.0,0.0,0.0,0.0,2.0,1.0,1.0,0.0
50,3.0,3.0,4.0,3.0,3.0,4.0,4.0,4.0,0.0,0.0,0.0,0.0,0.0,0.0,0.0,0.0,0.0,0.0,0.0,0.0,0.0,0.0,0.0,0.0,0.0,0.0,0.0,0.0,0.0,0.0,0.0,1.0,0.0,2.0,2.0,0.0,0.0,3.0,0.0,0.0,0.0,0.0,1.0,1.0,1.0,1.0,1.0,0.0,1.0,0.0,0.0,0.0,1.0,2.0,,,2.0,2.0,3.0,2.0,2.0,0.0,1.0,1.0,1.0,1.0,1.0,1.0,3.0,3.0,3.0,2.0,,2.0,3.0,2.0,,1.0,2.0,1.0,1.0,0.0,2.0,1.0,2.0,2.0,0.0,0.0,0.0,0.0,1.0,2.0,2.0,0.0,0.0,0.0,0.0,2.0,1.0,0.0,0.0
51,2.0,2.0,2.0,2.0,,2.0,3.0,4.0,,0.0,0.0,0.0,0.0,0.0,0.0,0.0,0.0,0.0,0.0,0.0,0.0,0.0,0.0,0.0,0.0,0.0,0.0,0.0,0.0,0.0,0.0,0.0,0.0,0.0,0.0,0.0,0.0,1.0,0.0,0.0,0.0,0.0,0.0,0.0,0.0,0.0,0.0,0.0,0.0,0.0,0.0,0.0,0.0,0.0,0.0,2.0,3.0,3.0,2.0,2.0,0.0,2.0,4.0,1.0,2.0,2.0,1.0,3.0,4.0,4.0,4.0,1.0,2.0,4.0,0.0,1.0,1.0,1.0,3.0,2.0,0.0,0.0,4.0,2.0,0.0,0.0,0.0,0.0,0.0,0.0,0.0,0.0,1.0,0.0,0.0,2.0,0.0,1.0,1.0,0.0,
52,3.0,2.0,4.0,2.0,2.0,2.0,4.0,2.0,0.0,0.0,0.0,3.0,0.0,0.0,0.0,0.0,0.0,0.0,0.0,1.0,0.0,0.0,0.0,0.0,0.0,1.0,1.0,0.0,1.0,0.0,0.0,0.0,0.0,0.0,0.0,3.0,2.0,4.0,3.0,2.0,4.0,3.0,2.0,4.0,2.0,2.0,1.0,3.0,2.0,3.0,3.0,0.0,2.0,2.0,0.0,0.0,3.0,4.0,2.0,2.0,3.0,0.0,4.0,4.0,4.0,4.0,4.0,4.0,4.0,4.0,4.0,3.0,0.0,0.0,1.0,2.0,3.0,4.0,1.0,0.0,3.0,0.0,1.0,0.0,0.0,2.0,0.0,1.0,1.0,0.0,3.0,4.0,4.0,0.0,1.0,1.0,0.0,2.0,4.0,4.0,4.0
53,3.0,3.0,3.0,3.0,2.0,2.0,4.0,2.0,0.0,0.0,0.0,0.0,0.0,0.0,1.0,0.0,0.0,0.0,0.0,,0.0,,0.0,0.0,0.0,0.0,0.0,0.0,0.0,0.0,0.0,0.0,0.0,0.0,0.0,0.0,0.0,0.0,0.0,0.0,0.0,0.0,0.0,0.0,0.0,0.0,0.0,0.0,0.0,0.0,0.0,0.0,0.0,0.0,0.0,0.0,0.0,0.0,0.0,0.0,2.0,0.0,3.0,3.0,3.0,3.0,3.0,3.0,3.0,2.0,2.0,1.0,1.0,2.0,0.0,0.0,1.0,0.0,3.0,3.0,2.0,0.0,0.0,4.0,0.0,0.0,0.0,0.0,0.0,0.0,0.0,2.0,2.0,0.0,0.0,0.0,0.0,2.0,2.0,3.0,0.0
54,3.0,2.0,3.0,2.0,2.0,2.0,3.0,3.0,0.0,0.0,0.0,0.0,0.0,0.0,0.0,0.0,0.0,0.0,0.0,0.0,0.0,0.0,1.0,0.0,0.0,1.0,0.0,0.0,1.0,0.0,0.0,1.0,0.0,1.0,1.0,1.0,0.0,1.0,1.0,0.0,0.0,0.0,1.0,0.0,1.0,0.0,1.0,0.0,0.0,0.0,0.0,0.0,1.0,2.0,2.0,3.0,3.0,4.0,4.0,4.0,4.0,4.0,4.0,4.0,2.0,3.0,3.0,3.0,4.0,4.0,4.0,4.0,4.0,4.0,2.0,1.0,1.0,0.0,0.0,0.0,1.0,4.0,1.0,0.0,0.0,0.0,0.0,0.0,0.0,0.0,0.0,0.0,0.0,0.0,0.0,0.0,0.0,0.0,0.0,0.0,0.0
55,0.0,2.0,4.0,4.0,3.0,2.0,,5.0,0.0,0.0,0.0,0.0,0.0,0.0,0.0,0.0,0.0,0.0,0.0,0.0,0.0,0.0,0.0,0.0,0.0,0.0,0.0,0.0,0.0,0.0,0.0,0.0,,0.0,0.0,0.0,0.0,4.0,0.0,0.0,1.0,0.0,0.0,0.0,1.0,0.0,0.0,0.0,1.0,2.0,0.0,0.0,0.0,4.0,1.0,2.0,3.0,3.0,2.0,2.0,4.0,4.0,4.0,2.0,0.0,4.0,4.0,4.0,4.0,4.0,4.0,4.0,4.0,0.0,3.0,4.0,2.0,0.0,0.0,0.0,4.0,0.0,4.0,0.0,0.0,2.0,0.0,0.0,2.0,2.0,3.0,4.0,4.0,0.0,2.0,0.0,2.0,1.0,3.0,4.0,
56,4.0,3.0,5.0,2.0,3.0,3.0,,2.0,0.0,0.0,0.0,0.0,0.0,0.0,0.0,0.0,0.0,0.0,0.0,0.0,0.0,0.0,0.0,0.0,0.0,0.0,0.0,0.0,2.0,0.0,0.0,0.0,0.0,0.0,0.0,0.0,0.0,1.0,0.0,0.0,0.0,1.0,0.0,0.0,0.0,0.0,0.0,0.0,0.0,0.0,0.0,0.0,0.0,0.0,0.0,0.0,1.0,4.0,4.0,0.0,3.0,0.0,1.0,1.0,4.0,4.0,4.0,4.0,4.0,4.0,4.0,3.0,1.0,0.0,4.0,0.0,4.0,1.0,0.0,3.0,2.0,0.0,0.0,4.0,0.0,4.0,0.0,0.0,0.0,0.0,0.0,3.0,1.0,0.0,0.0,0.0,0.0,4.0,0.0,0.0,
57,3.0,2.0,2.0,3.0,4.0,3.0,5.0,2.0,0.0,0.0,0.0,0.0,0.0,0.0,0.0,0.0,0.0,0.0,1.0,0.0,0.0,0.0,2.0,2.0,0.0,,0.0,0.0,3.0,0.0,0.0,0.0,,,,0.0,0.0,1.0,0.0,0.0,0.0,0.0,4.0,0.0,0.0,0.0,0.0,0.0,3.0,3.0,0.0,0.0,,0.0,0.0,3.0,3.0,3.0,3.0,0.0,0.0,0.0,2.0,1.0,4.0,1.0,2.0,4.0,2.0,4.0,3.0,2.0,0.0,1.0,4.0,3.0,1.0,0.0,3.0,2.0,0.0,0.0,0.0,1.0,0.0,1.0,0.0,0.0,0.0,0.0,1.0,3.0,2.0,0.0,0.0,1.0,0.0,1.0,0.0,3.0,
58,2.0,2.0,2.0,2.0,2.0,,3.0,2.0,0.0,0.0,0.0,2.0,0.0,0.0,2.0,0.0,0.0,2.0,0.0,2.0,0.0,2.0,1.0,1.0,0.0,0.0,1.0,1.0,0.0,0.0,0.0,0.0,0.0,0.0,0.0,1.0,1.0,1.0,0.0,0.0,0.0,0.0,1.0,1.0,1.0,0.0,2.0,0.0,0.0,0.0,0.0,0.0,0.0,1.0,0.0,0.0,4.0,4.0,4.0,4.0,0.0,0.0,2.0,4.0,2.0,4.0,2.0,1.0,4.0,4.0,4.0,1.0,0.0,0.0,3.0,1.0,1.0,1.0,0.0,1.0,0.0,0.0,1.0,0.0,0.0,0.0,0.0,0.0,0.0,0.0,2.0,1.0,2.0,0.0,0.0,0.0,0.0,0.0,0.0,0.0,0.0
59,3.0,2.0,3.0,2.0,2.0,4.0,5.0,5.0,0.0,0.0,0.0,0.0,0.0,0.0,0.0,0.0,0.0,0.0,0.0,0.0,0.0,0.0,0.0,0.0,0.0,0.0,3.0,0.0,0.0,0.0,0.0,0.0,0.0,0.0,0.0,0.0,0.0,2.0,0.0,0.0,0.0,0.0,4.0,2.0,2.0,0.0,2.0,0.0,4.0,4.0,0.0,3.0,1.0,2.0,1.0,1.0,2.0,4.0,4.0,2.0,2.0,3.0,4.0,4.0,4.0,4.0,4.0,4.0,4.0,4.0,4.0,3.0,3.0,2.0,4.0,0.0,2.0,4.0,3.0,1.0,0.0,1.0,3.0,4.0,2.0,2.0,0.0,0.0,0.0,0.0,0.0,1.0,2.0,0.0,0.0,0.0,0.0,0.0,0.0,3.0,
60,2.0,2.0,2.0,2.0,,2.0,3.0,0.0,0.0,3.0,0.0,,0.0,0.0,4.0,4.0,0.0,4.0,0.0,3.0,4.0,4.0,3.0,3.0,0.0,3.0,3.0,3.0,3.0,0.0,0.0,1.0,1.0,1.0,0.0,0.0,0.0,2.0,2.0,1.0,0.0,0.0,0.0,1.0,4.0,1.0,0.0,0.0,0.0,4.0,0.0,0.0,4.0,4.0,2.0,0.0,3.0,2.0,0.0,0.0,4.0,2.0,2.0,2.0,1.0,2.0,2.0,2.0,2.0,2.0,2.0,2.0,2.0,4.0,1.0,1.0,1.0,1.0,1.0,0.0,0.0,0.0,3.0,2.0,3.0,1.0,0.0,0.0,0.0,0.0,1.0,0.0,0.0,0.0,1.0,1.0,0.0,1.0,4.0,4.0,1.0
61,3.0,3.0,4.0,3.0,5.0,4.0,4.0,5.0,0.0,0.0,0.0,0.0,0.0,0.0,0.0,0.0,0.0,0.0,0.0,0.0,0.0,0.0,0.0,0.0,0.0,0.0,0.0,0.0,0.0,0.0,0.0,0.0,0.0,,0.0,3.0,3.0,2.0,2.0,2.0,1.0,1.0,0.0,1.0,1.0,0.0,0.0,0.0,3.0,0.0,0.0,3.0,0.0,1.0,1.0,2.0,3.0,2.0,4.0,3.0,3.0,0.0,3.0,3.0,2.0,4.0,4.0,3.0,4.0,3.0,3.0,4.0,0.0,3.0,2.0,2.0,1.0,1.0,3.0,4.0,3.0,0.0,1.0,0.0,0.0,2.0,0.0,0.0,0.0,0.0,1.0,0.0,1.0,0.0,0.0,0.0,0.0,3.0,0.0,3.0,0.0
62,4.0,2.0,3.0,2.0,4.0,4.0,,3.0,0.0,1.0,0.0,2.0,0.0,0.0,1.0,1.0,0.0,1.0,0.0,3.0,0.0,2.0,1.0,1.0,0.0,2.0,1.0,0.0,1.0,0.0,0.0,1.0,1.0,0.0,1.0,1.0,1.0,3.0,1.0,2.0,1.0,3.0,4.0,1.0,1.0,1.0,2.0,2.0,3.0,2.0,0.0,0.0,1.0,3.0,1.0,1.0,3.0,3.0,3.0,2.0,4.0,1.0,4.0,4.0,4.0,2.0,4.0,4.0,4.0,4.0,4.0,4.0,3.0,3.0,4.0,2.0,3.0,1.0,4.0,3.0,3.0,1.0,3.0,3.0,2.0,3.0,1.0,0.0,1.0,2.0,2.0,2.0,3.0,4.0,4.0,3.0,2.0,4.0,3.0,3.0,0.0
63,3.0,2.0,3.0,3.0,3.0,5.0,4.0,2.0,0.0,0.0,0.0,0.0,0.0,0.0,0.0,0.0,0.0,0.0,0.0,0.0,0.0,0.0,1.0,1.0,0.0,0.0,0.0,0.0,1.0,0.0,0.0,0.0,0.0,0.0,0.0,0.0,0.0,0.0,0.0,0.0,0.0,0.0,0.0,0.0,0.0,0.0,0.0,0.0,0.0,0.0,0.0,0.0,0.0,0.0,0.0,0.0,0.0,0.0,0.0,0.0,0.0,0.0,2.0,2.0,4.0,4.0,3.0,3.0,3.0,3.0,3.0,3.0,2.0,1.0,0.0,3.0,3.0,1.0,1.0,3.0,1.0,1.0,3.0,2.0,0.0,3.0,0.0,0.0,0.0,0.0,0.0,0.0,2.0,1.0,0.0,0.0,0.0,0.0,0.0,0.0,0.0
64,3.0,3.0,4.0,4.0,3.0,4.0,4.0,0.0,0.0,0.0,0.0,0.0,0.0,0.0,,0.0,0.0,1.0,0.0,1.0,0.0,1.0,0.0,0.0,0.0,0.0,0.0,1.0,0.0,0.0,0.0,0.0,0.0,0.0,0.0,0.0,0.0,1.0,,0.0,0.0,0.0,1.0,0.0,0.0,0.0,1.0,0.0,0.0,0.0,0.0,0.0,0.0,0.0,0.0,0.0,0.0,0.0,1.0,0.0,0.0,0.0,2.0,1.0,0.0,1.0,0.0,0.0,4.0,4.0,4.0,2.0,1.0,2.0,1.0,0.0,0.0,2.0,,0.0,0.0,0.0,1.0,1.0,1.0,0.0,0.0,0.0,0.0,1.0,1.0,2.0,1.0,0.0,1.0,1.0,0.0,1.0,0.0,0.0,0.0
65,3.0,2.0,2.0,2.0,2.0,2.0,4.0,4.0,0.0,1.0,0.0,1.0,2.0,0.0,0.0,0.0,0.0,0.0,1.0,0.0,0.0,0.0,0.0,0.0,0.0,0.0,0.0,0.0,2.0,0.0,0.0,1.0,0.0,2.0,3.0,0.0,0.0,0.0,0.0,0.0,0.0,0.0,2.0,1.0,1.0,0.0,1.0,0.0,0.0,0.0,0.0,0.0,0.0,1.0,0.0,0.0,0.0,0.0,0.0,0.0,0.0,0.0,3.0,2.0,3.0,3.0,3.0,3.0,0.0,0.0,3.0,4.0,0.0,0.0,3.0,3.0,3.0,2.0,3.0,3.0,0.0,0.0,3.0,0.0,0.0,0.0,0.0,0.0,0.0,0.0,0.0,0.0,0.0,0.0,0.0,0.0,0.0,0.0,3.0,0.0,0.0
66,5.0,2.0,3.0,3.0,2.0,3.0,5.0,2.0,0.0,0.0,0.0,0.0,0.0,0.0,0.0,0.0,0.0,0.0,0.0,1.0,0.0,1.0,1.0,1.0,0.0,,1.0,1.0,1.0,0.0,,,,,,0.0,0.0,1.0,0.0,0.0,0.0,1.0,0.0,0.0,0.0,0.0,0.0,0.0,,1.0,0.0,1.0,0.0,0.0,0.0,0.0,0.0,0.0,0.0,0.0,0.0,0.0,4.0,3.0,0.0,4.0,2.0,4.0,1.0,0.0,3.0,2.0,0.0,0.0,3.0,3.0,,,0.0,0.0,0.0,0.0,0.0,0.0,0.0,4.0,0.0,0.0,0.0,0.0,0.0,3.0,3.0,0.0,0.0,0.0,0.0,0.0,0.0,0.0,
